Amino Acid	Factor1	Factor2	Factor3	Factor4	Factor5	Grantham_Volume	KD_Hydropathy	pI	Beta_Hydropathy	ZAA_Volume
A	-0.591	-1.302	-0.733	1.57	-0.146	31	1.8	6.0	-0.08	88.6
R	1.538	-0.055	1.502	0.44	2.897	124	-4.5	10.76	-0.09	173.4
N	0.945	0.828	1.299	-0.169	0.933	56	-3.5	5.41	-0.7	114.1
D	1.05	0.302	-3.656	-0.259	-3.242	54	-3.5	2.77	-0.71	111.1
C	-1.343	0.465	-0.862	-1.02	-0.255	55	2.5	5.05	0.76	108.5
Q	0.931	-0.179	-3.005	-0.503	-1.853	85	-3.5	5.65	-0.4	143.8
E	1.357	-1.453	1.477	0.113	-0.837	83	-3.5	3.22	-1.31	138.4
G	-0.384	1.652	1.33	1.045	2.064	3	-0.4	5.97	-0.84	60.1
H	0.336	-0.417	-1.673	-1.474	-0.078	96	-3.2	7.59	0.43	153.2
I	-1.239	-0.547	2.131	0.393	0.816	111	4.5	6.02	1.39	166.7
L	-1.019	-0.987	-1.505	1.266	-0.912	111	3.8	5.98	1.24	166.7
K	1.831	-0.561	0.533	-0.277	1.648	119	-3.9	9.74	-0.09	168.6
M	-0.663	-1.524	2.219	-1.005	1.212	105	1.9	5.74	1.27	162.9
F	-1.006	-0.59	1.891	-0.397	0.412	132	2.8	5.48	1.53	189.9
P	0.189	2.081	-1.628	0.421	-1.392	32.5	-1.6	6.3	-0.01	112.7
S	-0.228	1.399	-4.76	0.67	-2.647	32	-0.8	5.68	-0.93	89.0
T	-0.032	0.326	2.213	0.908	1.313	61	-0.7	5.66	-0.59	116.1
W	-0.595	0.009	0.672	-2.128	-0.184	170	-0.9	5.89	2.25	227.8
Y	0.26	0.83	3.097	-0.838	1.512	136	-1.3	5.66	1.53	193.6
V	-1.337	-0.279	-0.544	1.242	-1.262	84	4.2	5.96	1.09	140.0
