//
H KOSJ950101
D Context-dependent optimal substitution matrices for exposed helix
  (Koshi-Goldstein, 1995)
R PMID:8577693
A Koshi, J.M. and Goldstein, R.A.
T Context-dependent optimal substitution matrices.
J Protein Engineering 8, 641-645 (1995)
M rows = -ARNDCQEGHILKMFPSTWYV, cols = -ARNDCQEGHILKMFPSTWYV
   55.7    3.0    3.0    3.0    3.0    0.4    0.1    3.0    3.0    2.1    3.0    3.0    3.0    0.1    1.9    2.2    2.4    3.0    0.8    1.3    3.0
   25.6   47.2    1.5    1.0    0.7    0.3    1.9    2.3    4.3    0.6    0.2    2.0    0.8    0.1    0.3    3.1    2.8    3.7    0.4    0.1    2.0
   14.8    0.9   62.7    1.3    0.4    0.3    4.6    0.3    0.1    1.9    0.5    2.2    5.1    0.6    0.2    0.4    1.9    1.5    0.4    0.2    0.3
   15.2    0.2    0.5   48.2    3.3    0.1    3.2    4.9    0.1    1.7    1.7    1.4    3.0    0.6    1.0    0.1    9.7    2.7    0.7    1.1    1.5
   15.9    3.9    1.4    7.3   52.1    0.3    0.9   11.0    2.0    0.4    0.6    0.1    0.6    0.5    0.1    0.6    2.9    0.1    0.1    0.1    0.1
    9.4    1.5    0.1    1.5    1.6   73.6    0.1    2.6    0.1    0.1    2.1    4.0    0.1    0.1    0.8    0.7    0.3    2.2    0.1    0.1    0.1
    0.1    8.4    5.7    2.0    4.5    0.3   47.5    8.2    0.9    1.6    0.1    3.4    7.8    0.5    0.1    0.7    5.3    2.2    0.2    0.7    0.5
    5.2    5.3    1.0    1.5    8.6    0.1    4.9   56.8    1.5    1.0    0.3    0.9    5.8    0.1    0.2    1.6    2.1    2.4    0.2    0.1    1.1
   20.2    2.0    1.2    2.3    3.3    0.1    0.4    0.1      6    4.8    0.8    0.1    0.1    1.4    0.3    0.6    0.1    1.2    0.6    0.1    0.5
   13.3    0.3    4.7    7.5    1.8    0.1    4.4    0.7    0.1   56.9    0.6    0.1    2.3    1.2    2.2    0.1    0.1    0.1    0.1    4.4    0.1
   18.4    0.1    0.1    0.1    0.1    0.1    0.4    0.1    0.1    0.1      5    2.6   10.8    1.2    3.5    1.3    0.1    0.1    3.4    0.1    0.1
   15.4    0.8    0.6    0.1    0.1    0.1    1.1    0.1    0.2    0.2    3.4   67.3    0.6    3.5    3.5    0.1    0.1    0.7    0.1    0.1    2.9
    5.5    4.1    8.3    3.5    1.3    0.1    3.7    5.8    1.1    1.2    0.3    1.0   55.3    0.4    0.1    0.2    2.7    3.7    0.1    0.2    1.9
    0.7    5.2    4.3    3.2    0.1    0.5    2.0    5.4    1.5    0.1    7.4    9.3    3.0   44.0    1.3    0.1    2.4    4.3    0.1    0.1    6.0
   14.3    1.7    0.1    0.3    0.5    1.0    0.8    0.5    0.1    0.1    0.7    1.5    0.1    0.4   67.6    0.1    2.1    1.8    0.1    7.1    0.1
   13.6    1.7    1.0    0.5    3.1    0.1    0.6    0.6    0.1    1.0    0.8    1.5    2.7    0.1    0.1   65.9    5.2    1.8    0.1    0.3    0.2
    6.0   18.1    1.2    1.6    2.7    0.9    0.4    2.4    5.0    1.1    0.6    0.2    3.5    0.1    0.1    0.5   46.8    7.5    0.1    0.5    1.4
   18.4    7.5    0.3    2.5    0.7    0.1    0.4    0.2    1.8    0.8    2.4    4.8    1.2    1.0    0.1    0.2    6.3   48.8    0.1    0.6    2.7
   21.7    0.3    0.1    0.1    0.1    0.1    1.8    0.1    0.1    0.1    0.1    2.1    2.5    0.1    4.3    0.1    0.1    0.6   64.6    2.3    0.1
    8.3    0.5    0.1    0.1    0.1    0.1    0.1    1.1    0.1    3.4    2.4    6.6    0.9    0.2    8.7    0.3    0.9    1.5    1.0   60.8    3.8
   14.2    6.2    1.4    0.7    0.1    0.1    0.1    0.3    0.3    0.1   17.5    1.9    0.1    0.1    1.6    0.2    0.1    0.6    0.3    1.2   53.9
//
H KOSJ950102
D Context-dependent optimal substitution matrices for exposed beta
  (Koshi-Goldstein, 1995)
R PMID:8577693
A Koshi, J.M. and Goldstein, R.A.
T Context-dependent optimal substitution matrices.
J Protein Engineering 8, 641-645 (1995)
M rows = -ARNDCQEGHILKMFPSTWYV, cols = -ARNDCQEGHILKMFPSTWYV
   72.6    0.8    3.0    0.1    2.3    0.3    1.9    1.3    0.8    0.1    0.3    2.3    3.0    0.5    0.8    1.6    3.0    1.5    0.1    0.8    3.0
    7.5   60.3    2.2    0.1    1.6    1.1    0.6    1.6    0.4    0.1    0.8    2.9    1.0    0.7    0.1    2.0    6.2    4.8    0.1    1.6    5.1
   14.3    1.2   60.9    0.1    1.1    0.1    5.1    2.5    1.1    0.4    0.7    0.1    9.4    0.1    0.6    0.6    0.8    0.1    0.2    0.9    0.5
    3.0    2.1    3.0   53.5   11.8    0.1    2.9    0.1    1.8    2.5    0.1    1.3    4.4    0.1    0.3    1.2    9.0    1.6    0.1    1.9    0.1
   14.6    1.9    0.1    6.1   58.5    0.1    2.8    5.8    4.0    0.1    0.9    0.1    1.7    0.3    0.5    0.9    1.9    0.1    0.1    0.8    0.1
   20.4    1.9    0.1    0.1    1.7   49.5    1.6    0.1    1.7    0.1    4.0    0.1    0.1    0.1    8.4    0.1    2.0    1.9    0.1    3.9    3.5
   11.8    1.3    2.3    0.1    1.0    0.1   55.8    7.5    1.4    2.5    1.1    2.3    3.8    0.1    0.1    0.8    2.5    3.7    0.3    0.4    1.9
    5.0    1.5    0.6    1.7    8.4    0.1    2.0   66.4    0.6    1.1    0.5    0.7    4.2    0.1    0.1    0.6    3.3    1.5    0.4    0.1    2.0
    6.7    2.7    0.1    0.1    0.1    0.1    0.1    1.0   82.8    0.1    0.1    0.6    0.6    0.4    0.8    0.1    1.8    2.8    0.1    0.1    0.1
    0.1    1.2   10.0    5.7    0.1    0.7    0.3    4.2    0.8   45.8    0.1    1.7    1.8    1.3    0.1    0.1    8.3   10.8    0.1    4.6    2.8
    0.1    0.1    2.5    0.5    0.1    0.5    0.1    0.1    0.1    0.1   54.4    5.4    1.1    2.9    4.5    0.3    0.1    3.9    0.1    1.5   22.8
   14.2    1.0    0.6    0.7    0.1    0.1    2.1    0.5    0.1    1.8    5.7   60.3    0.9    2.6    2.9    1.7    1.2    0.1    0.1    0.7    3.4
    7.9    1.6    8.1    2.1    0.4    0.7    3.3    2.4    0.3    0.7    0.8    1.3   61.5    0.1    0.6    0.5    2.6    4.6    0.3    0.1    0.9
   12.6    6.3    3.2    0.1    0.1    0.1    2.7    2.6    0.1    0.1    4.9    2.3    7.8   46.5    1.0    0.1    3.9    2.2    0.1    0.1    4.2
    8.2    0.1    0.1    0.6    0.1    0.1    0.1    0.1    1.0    1.1    2.1    1.9    0.1    2.1   66.1    0.1    2.1    0.6    0.9   10.5    2.9
   16.8    6.2    0.1    0.6    0.7    0.1    0.7    0.1    0.8    0.1    0.1    1.3    0.5    0.1    0.1   67.1    2.7    2.5    0.1    0.3    0.1
   30.0    2.0    0.1    1.7    0.1    0.1    0.1    1.0    4.6    0.5    0.2    0.7    0.9    0.1    0.1    2.8   49.8    4.5    0.1    0.1    1.5
    4.7    3.4    1.5    2.0    2.6    0.1    0.4    3.9    0.6    0.1    1.8    1.4    4.7    0.1    0.1    0.1    8.4   59.0    0.3    0.5    5.0
    5.9    0.1    0.1    0.1    0.1    0.1    0.1    2.3    2.0    0.1    0.8    2.9    0.1    0.1    4.7    0.1    1.0    0.1   75.5    2.9    2.5
    5.0    2.1    0.9    1.1    0.1    0.1    0.5    0.4    0.1    2.7    3.0    2.7    0.8    0.1    5.9    0.1    1.6    0.1    0.7   72.2    0.8
   18.1    1.2    0.5    0.1    0.4    0.1    2.0    2.3    1.1    0.1    6.9    4.6    0.1    2.1    0.8    0.9    0.4    1.0    0.1    0.4   57.5
//
H KOSJ950103
D Context-dependent optimal substitution matrices for exposed turn
  (Koshi-Goldstein, 1995)
R PMID:8577693
A Koshi, J.M. and Goldstein, R.A.
T Context-dependent optimal substitution matrices.
J Protein Engineering 8, 641-645 (1995)
M rows = -ARNDCQEGHILKMFPSTWYV, cols = -ARNDCQEGHILKMFPSTWYV
   69.2    3.0    1.3    3.0    0.9    0.7    1.9    3.0    3.0    1.6    0.9    1.3    0.8    0.6    1.1    1.4    1.0    3.0    0.1    1.4    0.8
   31.5   46.2    1.1    0.8    0.8    0.1    0.3    0.3    2.5    0.1    2.0    2.3    0.9    0.4    0.3    0.2    4.4    2.0    0.4    0.1    4.1
    5.9    1.3   64.3    2.5    1.7    0.5    2.6    0.1    2.4    2.1    0.2    0.2    8.7    0.4    0.4    0.6    3.5    1.2    0.6    0.5    1.1
    9.3    1.7    1.2   55.1    6.4    0.5    1.3    1.7    4.4    0.8    0.1    0.4    3.8    0.7    0.3    0.2    8.9    1.3    0.3    1.4    1.0
    2.1    2.9    0.2    9.4   61.5    0.1    1.9    9.2    3.4    0.4    0.1    0.6    3.1    0.1    0.1    1.4    2.5    1.4    0.1    0.2    0.3
   17.0    7.1    0.1    0.1    0.1   66.1    0.1    0.1    2.0    0.8    0.4    0.7    0.1    0.3    3.0    0.1    2.6    0.1    0.1    0.3    0.1
    9.0    4.9    3.9    3.3    2.3    0.1   48.8    4.8    1.7    2.0    1.6    4.3    4.7    0.8    0.4    2.1    1.6    3.3    0.1    0.1    0.9
    7.8    3.8    1.0    1.1    7.0    0.1    3.5   57.8    1.1    1.5    1.1    1.7    4.5    0.4    0.4    1.7    3.3    1.0    0.4    0.3    1.0
    6.5    2.8    0.4    2.9    2.8    0.1    0.8    1.9   74.8    0.4    0.1    0.1    1.7    0.1    0.4    0.3    2.2    1.9    0.1    0.1    0.3
   14.9    1.8    0.1    4.0    0.1    0.6    2.9    1.4    0.7   56.0    0.6    0.4    2.9    0.2    2.8    2.2    2.2    0.1    0.9    5.9    0.1
   10.4    0.1    0.1    0.1    0.1    0.5    0.1    0.1    0.1    0.1   65.5    7.0    0.1    2.4    0.8    0.5    0.1    2.7    0.7    0.9    8.8
    9.1    0.7    3.1    0.3    0.1    0.1    0.1    0.7    0.3    0.4    3.7   68.3    0.8    4.4    1.7    0.6    0.3    1.0    1.0    1.3    2.8
    2.5    4.7    8.1    2.6    1.3    0.1    5.9    4.4    1.3    1.6    0.1    1.4   58.1    0.5    0.5    0.5    2.9    2.0    0.1    0.5    1.5
   15.2    1.3    0.8    0.1    0.1    0.4    0.1    0.1    0.1    0.6    4.7    6.8    0.8   61.0    2.9    0.1    0.1    1.1    0.1    2.8    1.8
   14.8    0.1    0.8    0.7    0.1    0.4    0.4    0.1    0.1    0.1    0.6    3.5    0.9    0.7   70.0    0.7    0.1    0.1    2.9    2.4    1.5
    4.4    7.5    1.7    1.0    1.2    0.1    0.4    2.2    0.7    0.4    0.9    0.8    2.3    0.4    0.1   70.2    3.0    2.4    0.1    0.2    0.6
    2.5   10.8    1.1    2.5    5.3    0.9    1.7    1.8    5.1    1.0    0.4    1.4    3.1    0.4    0.6    1.8   49.6    8.8    0.1    0.8    0.7
   15.3    2.9    1.3    2.9    1.5    0.1    1.5    1.5    0.9    0.2    2.0    1.0    1.9    0.6    0.1    0.5    9.5   54.0    0.3    0.1    2.8
   10.5    0.1    0.1    0.1    0.1    0.7    0.1    0.1    0.1    0.1    0.1    0.3    0.1    0.1    0.1    1.0    0.1    0.1   77.0   10.5    0.1
   13.0    0.1    0.4    0.1    0.1    0.1    0.1    0.7    0.1    0.9    1.2    2.8    0.5    0.1    8.4    0.3    0.1    0.4    0.1   71.2    0.5
    8.1    2.7    0.2    0.3    0.1    1.8    0.8    0.1    1.0    0.5   10.3    4.5    1.3    1.1    2.7    0.1    0.7    2.1    0.3    1.9   60.1
//
H KOSJ950104
D Context-dependent optimal substitution matrices for exposed coil
  (Koshi-Goldstein, 1995)
R PMID:8577693
A Koshi, J.M. and Goldstein, R.A.
T Context-dependent optimal substitution matrices.
J Protein Engineering 8, 641-645 (1995)
M rows = -ARNDCQEGHILKMFPSTWYV, cols = -ARNDCQEGHILKMFPSTWYV
   50.4    3.0    3.0    2.5    3.0    1.1    3.0    3.0    3.0    1.8    3.0    3.0    3.1    1.4    1.5    3.0    3.0    3.0    0.5    1.8    3.0
   29.8   49.8    0.1    0.5    0.8    0.1    2.1    0.3    4.1    0.6    0.5    1.1    0.3    0.1    0.1    2.2    3.7    1.4    0.2    0.1    3.1
   15.0    1.2   60.3    1.2    0.1    0.1    1.2    0.7    0.1    2.5    0.9    0.9    6.6    0.1    0.1    2.1    2.5    3.1    0.6    0.9    0.7
    8.3    1.6    2.6   50.6    5.5    0.5    2.0    3.2    2.2    2.7    0.9    1.0    4.7    0.9    0.3    0.1    6.8    3.9    0.1    1.2    1.4
    9.1    1.6    0.6    7.8   62.7    0.1    2.5    6.1    1.3    0.1    0.4    0.5    1.4    0.3    0.2    1.4    1.8    1.4    0.1    1.1    0.3
   23.2   12.9    0.2    0.1    1.5   58.1    0.1    1.2    0.1    0.1    2.0    0.1    0.1    0.8    0.1    0.1    0.1    0.3    0.1    0.1    0.1
   28.1    0.1    2.2    2.0    0.1    0.1   44.4    9.2    0.1    1.4    0.6    0.4    3.1    1.5    0.1    0.1    1.6    3.6    0.1    0.7    1.6
   22.2    5.1    0.5    0.5    4.3    0.1    3.0   57.1    1.4    0.7    0.5    0.6    1.1    0.1    0.1    0.1    1.6    0.9    0.1    0.1    1.0
   18.4    1.5    0.3    1.4    1.7    0.4    0.3    0.9   70.2    0.4    0.1    0.2    0.4    0.2    0.3    0.2    2.1    0.8    0.1    0.3    0.4
   27.6    1.2    0.5    0.1    4.2    0.1    2.6    1.0    0.1   50.8    0.1    0.1    1.9    0.3    0.9    3.9    4.8    0.1    0.1    0.9    0.1
   30.9    1.2    0.1    0.1    0.1    0.1    0.1    0.7    1.6    0.9   41.7    3.8    2.2    0.1    0.4    1.3    0.1    0.8    0.7    0.5   13.6
   18.9    0.7    1.0    0.4    0.2    0.3    2.1    0.4    0.4    0.6    6.0   57.6    0.1    3.3    3.8    1.3    0.1    0.5    0.1    0.1    2.9
    9.3    3.5    6.0    2.2    3.3    0.1    3.9    4.4    1.8    0.8    0.1    2.5   52.1    0.5    0.8    2.6    3.2    2.6    0.1    0.1    1.0
   22.9    0.1    0.1    0.1    0.1    0.1    0.1    0.3    0.1    1.0    7.9    9.1    1.0   45.8    2.2    1.7    0.1    6.3    0.1    0.1    2.2
   16.2    0.3    0.7    0.8    0.1    0.1    0.1    0.1    0.1    0.1    1.4    2.5    0.7    0.1   69.1    0.1    0.1    0.1    0.9    7.5    0.3
   15.4    6.7    0.8    0.2    0.3    0.1    1.3    2.0    1.3    0.2    0.1    0.6    0.4    0.1    0.1   64.2    3.6    0.6    0.1    0.7    1.9
   13.4    5.0    0.9    3.6    3.5    1.8    1.0    1.6    3.3    0.1    0.3    0.3    0.8    0.1    0.6    3.5   48.7    8.7    0.4    0.3    2.6
   16.3    4.5    0.1    2.3    0.6    0.4    1.7    0.5    0.6    0.4    2.4    1.9    1.0    0.1    0.6    2.6    8.9   51.4    0.1    0.4    4.0
   15.9    0.1    0.1    1.1    0.1    0.1    0.1    0.1    0.1    0.1    3.2    0.1    0.6    1.8    2.7    0.1    0.2    0.1   73.5    1.4    0.1
   15.5    0.4    0.1    0.1    0.1    0.1    0.1    0.1    0.6    0.6    0.1    2.5    0.1    0.6    8.4    0.1    0.1    0.6    1.0   68.7    1.6
   25.4    1.4    0.1    0.7    0.4    0.4    0.6    0.1    0.1    0.1    8.0    4.3    1.3    1.1    1.5    0.1    0.9    2.5    0.1    0.1   51.9
//
H KOSJ950105
D Context-dependent optimal substitution matrices for buried helix
  (Koshi-Goldstein, 1995)
R PMID:8577693
A Koshi, J.M. and Goldstein, R.A.
T Context-dependent optimal substitution matrices.
J Protein Engineering 8, 641-645 (1995)
M rows = -ARNDCQEGHILKMFPSTWYV, cols = -ARNDCQEGHILKMFPSTWYV
   61.0    3.0    1.8    4.0    1.7    3.0    2.3    0.5    3.0    0.1    3.0    3.6    0.5    3.0    1.7    0.9    1.9    3.0    0.5    0.8    0.6
    1.3   76.5    0.6    0.1    0.2    0.4    0.7    1.8    2.5    0.1    0.6    1.7    0.8    0.5    0.4    0.7    6.6    1.6    0.1    0.8    2.8
    2.6    1.3   79.9    0.6    0.1    0.3    3.1    1.3    0.1    1.2    0.1    0.9    4.6    0.1    0.4    0.5    2.6    0.9    0.1    0.3    0.1
    7.6    3.2    0.1   70.8    3.8    0.6    0.1    2.5    1.4    0.1    0.9    0.1    1.0    0.1    0.1    0.5    3.2    3.5    0.1    1.4    0.1
    3.1    2.9    0.4    1.2   78.5    0.1    0.1    5.6    0.1    0.1    0.4    0.6    2.0    0.1    0.3    1.1    2.3    0.9    0.1    0.8    0.1
    7.9    7.5    0.9    0.1    1.4   56.1    1.5    0.7    4.2    0.1    2.3    0.8    0.1    1.8    1.1    0.1    4.4    2.1    0.9    0.1    6.6
    4.3    2.9    1.7    2.6    2.8    0.1   74.3    1.5    0.3    3.4    0.1    0.1    3.2    0.9    0.1    0.5    0.5    1.1    0.5    0.1    0.1
    2.4    1.4    0.1    0.2    1.5    0.2    4.4   80.7    1.3    0.1    1.1    2.8    2.5    0.1    0.1    0.1    0.7    0.1    0.1    0.6    0.6
    2.3    7.0    0.8    1.3    0.5    0.2    1.3    1.8   80.3    0.3    0.1    0.3    0.7    0.1    0.1    0.1    1.6    1.1    0.1    0.1    0.9
    0.1    0.9    1.9    1.0    0.4    0.1    2.9    1.0    0.1   85.0    0.1    0.1    2.2    0.6    1.6    0.5    0.9    1.1    0.1    0.1    0.6
    1.9    1.1    0.7    0.3    0.2    0.1    0.1    0.2    0.5    0.1   75.2    7.3    0.3    2.3    1.3    0.1    0.5    1.8    0.2    0.4    6.3
    1.0    0.7    0.2    0.5    0.1    0.4    0.6    0.2    0.1    0.4    5.5   78.6    0.7    3.0    3.3    0.1    0.6    0.2    0.1    0.6    3.7
    1.5    0.1    5.3    3.4    0.1    0.1    0.9    2.8    0.8    0.1    0.1    4.2   73.1    2.3    0.1    0.1    1.1    1.5    0.1    1.4    2.0
    2.9    2.6    0.1    0.5    0.1    0.4    1.1    0.1    0.6    0.1    5.6   11.9    0.1   65.8    2.6    0.1    0.1    2.7    0.9    0.1    2.9
    1.2    0.4    0.1    0.1    0.3    0.1    0.1    0.2    0.2    0.4    0.5    6.5    0.1    0.5   78.0    0.3    0.3    0.5    2.9    7.1    1.0
    3.1    0.1    0.1    0.8    0.1    0.1    1.1    1.2    0.8    1.0    0.7    0.1    0.2    0.1    0.1   85.9    1.8    1.9    0.1    0.1    1.8
    2.2    4.9    1.0    2.7    0.1    2.1    1.8    0.1    2.7    0.1    0.6    0.6    0.1    0.6    0.8    0.3   73.5    5.8    0.1    0.1    0.6
    4.3    4.1    1.6    0.1    0.3    0.4    0.4    0.9    0.7    0.1    0.1    2.2    1.0    0.5    0.5    1.1    5.2   72.1    0.1    0.1    5.0
    1.0    0.3    0.4    0.1    1.1    0.1    0.1    0.1    0.1    0.1    0.1    1.2    1.7    0.1    0.1    0.4    0.7    0.1   91.3    1.2    1.2
    0.9    1.4    0.8    0.8    0.1    0.6    0.2    0.6    0.1    2.3    0.5    4.3    0.7    1.4    8.2    0.1    0.6    0.3    0.4   76.6    0.1
    0.3    7.2    0.6    0.2    0.4    0.8    0.4    0.5    0.1    0.4   13.4    5.9    0.1    2.2    0.6    0.1    0.1    3.1    0.1    0.1   64.2
//
H KOSJ950106
D Context-dependent optimal substitution matrices for buried beta
  (Koshi-Goldstein, 1995)
R PMID:8577693
A Koshi, J.M. and Goldstein, R.A.
T Context-dependent optimal substitution matrices.
J Protein Engineering 8, 641-645 (1995)
M rows = -ARNDCQEGHILKMFPSTWYV, cols = -ARNDCQEGHILKMFPSTWYV
   56.4    3.0    2.1    1.7    1.6    3.0    1.7    2.1    3.0    0.9    3.0    3.0    1.1    1.1    2.0    3.0    3.0    3.0    0.7    1.7    3.0
    5.8   66.6    0.5    0.9    1.5    0.3    0.6    1.7    3.7    1.0    0.4    0.3    1.0    0.1    0.1    2.6    7.3    3.7    0.1    0.2    2.4
   16.1    0.1   72.6    0.1    0.1    0.1    0.8    0.1    2.5    0.1    0.7    1.0    3.0    0.8    0.1    0.9    0.1    2.0    0.1    0.1    0.1
    9.5    0.1    1.5   70.8    4.2    0.1    1.3    0.1    1.2    1.6    0.5    0.1    2.8    0.1    0.1    1.1    2.6    1.9    0.7    0.1    0.8
   11.0    0.1    0.2    2.9   80.8    0.1    0.2    1.0    1.2    0.1    0.6    0.9    0.1    0.1    0.1    0.1    0.6    1.3    0.1    0.1    0.1
   12.4    5.9    0.4    0.4    0.8   65.6    0.1    0.8    1.2    0.7    2.5    3.0    0.1    0.4    1.2    0.5    3.0    1.9    0.1    0.1    0.1
   10.9    0.1    3.1    1.9    0.1    0.1   71.6    3.3    0.1    0.1    0.1    3.0    2.6    1.4    0.4    0.6    0.1    0.6    0.1    0.7    0.5
   14.3    0.9    1.2    1.0    4.4    0.1    2.3   67.9    2.3    0.1    0.1    0.7    1.7    0.1    0.4    0.1    0.2    0.1    0.1    1.0    2.3
    5.8    2.8    0.1    0.1    0.7    0.1    0.1    0.1   87.6    0.6    0.1    0.1    0.1    0.1    0.1    0.3    1.4    0.3    0.1    0.1    0.4
    6.3    0.1    5.0    1.3    2.2    0.6    3.0    2.5    0.1   70.9    0.1    1.6    0.5    0.9    1.0    0.5    2.3    0.1    0.9    1.1    0.1
    3.2    0.4    0.4    0.3    0.1    0.4    0.1    0.1    0.1    0.1   64.4    8.9    0.2    2.0    2.3    0.4    0.7    1.6    0.4    0.3   14.4
    5.8    0.6    0.1    0.1    0.1    0.2    0.1    0.3    0.3    0.1    4.4   77.6    0.1    2.8    2.2    0.2    0.1    0.3    0.3    0.8    4.4
   11.0    0.6   10.7    0.1    0.1    0.1    2.2    0.2    0.1    1.5    1.5    0.7   67.7    0.1    0.1    0.4    0.7    1.7    0.1    0.4    0.9
    4.9    3.1    0.1    0.6    0.4    0.6    2.8    0.1    0.5    0.1    4.4    9.4    0.1   63.4    3.1    0.7    0.1    2.5    0.1    0.5    3.6
    3.4    0.2    0.1    0.1    0.1    0.3    0.1    0.1    0.3    0.4    2.4    3.0    0.2    1.1   79.7    0.1    0.6    0.7    1.2    5.2    1.7
   16.2    1.8    0.5    0.1    0.1    0.1    1.3    0.7    0.5    0.1    0.1    0.3    0.7    0.1    0.1   73.3    4.4    0.8    0.1    0.1    0.1
   13.9    2.5    3.0    2.8    1.1    0.3    1.1    1.4    3.7    0.5    0.1    0.1    0.8    0.5    0.8    0.9   63.3    3.4    0.1    0.1    0.5
    8.9    2.9    0.4    0.7    0.1    0.4    1.0    1.8    0.6    0.3    2.0    0.6    1.6    0.7    0.1    0.4    4.6   70.2    0.1    0.7    2.5
    4.6    0.1    0.6    0.1    0.1    0.2    0.1    0.1    0.1    0.1    0.1    0.1    0.1    0.6    1.2    0.1    0.5    0.1   90.5    2.2    0.1
    4.0    0.1    0.6    1.5    0.1    1.0    0.3    0.1    0.1    1.3    0.5    0.7    0.4    0.1    6.3    0.6    1.1    0.6    0.8   80.9    0.1
    3.9    2.4    0.3    0.1    0.4    0.8    0.2    0.1    0.1    0.1    9.6    3.0    0.1    0.2    0.6    0.3    1.1    2.1    0.1    0.3   75.0
//
H KOSJ950107
D Context-dependent optimal substitution matrices for buried turn
  (Koshi-Goldstein, 1995)
R PMID:8577693
A Koshi, J.M. and Goldstein, R.A.
T Context-dependent optimal substitution matrices.
J Protein Engineering 8, 641-645 (1995)
M rows = -ARNDCQEGHILKMFPSTWYV, cols = -ARNDCQEGHILKMFPSTWYV
   86.4    1.4    0.7    0.4    1.5    0.5    0.6    0.1    2.5    0.1    0.1    0.5    0.2    0.2    0.8    0.6    0.5    0.7    0.1    0.5    1.7
    2.6   65.6    0.8    2.3    0.7    0.1    0.5    2.0    7.6    1.3    1.2    2.7    0.1    0.4    0.1    3.2    0.8    4.5    0.1    0.1    4.4
    4.1    1.7   81.2    1.2    0.1    0.6    2.8    0.6    0.1    0.8    0.7    0.1    3.6    0.1    0.1    0.6    0.1    1.1    0.1    0.6    0.7
    1.5    1.0    1.9   79.8    5.0    0.1    0.6    0.2    3.5    2.1    0.1    1.1    1.1    0.1    0.3    0.1    2.2    0.1    0.1    0.1    0.2
    5.2    0.1    0.4    3.1   78.1    0.1    0.1    4.0    1.7    1.5    0.1    1.3    0.1    0.4    0.1    0.7    1.9    0.5    0.1    0.9    0.8
    3.3    9.5    0.1    0.1    4.0   73.0    0.1    2.3    2.9    0.1    0.1    0.1    0.1    0.1    1.5    0.7    1.9    0.1    0.1    0.1    1.2
    3.9    0.1    2.9    0.1    0.1    0.1   70.3    4.6    2.7    4.6    0.9    0.1    4.7    1.8    0.1    3.3    0.1    0.1    0.7    0.1    0.1
    0.1    2.2    0.1    1.4    9.3    0.1    3.8   71.2    0.3    0.1    0.1    0.1    3.4    0.1    0.1    3.0    1.2    3.2    0.1    0.1    1.5
    2.2    1.6    0.3    0.3    0.7    0.1    0.1    0.3   91.5    0.1    0.1    0.3    1.0    0.1    0.1    0.1    1.6    0.1    0.1    0.1    0.1
    0.7    1.0    0.1    0.1    0.1    0.1    0.1    1.2    0.1   85.1    0.1    0.1    0.9    1.7    2.6    2.8    1.2    1.2    0.1    1.9    0.1
    0.7    0.1    0.1    1.2    0.1    0.1    0.2    0.5    0.1    0.1   76.1    7.3    0.4    4.0    1.2    0.1    0.1    1.9    0.1    0.1    6.9
    0.8    1.6    1.0    0.1    0.4    0.4    2.4    0.6    0.5    0.9    5.8   75.9    0.5    3.1    2.9    0.1    0.1    0.4    0.1    0.4    3.0
    0.1    1.0    5.8    5.9    1.1    0.1    2.6    0.1    1.7    0.1    0.1    0.1   76.7    1.1    0.1    0.1    0.6    3.9    0.1    0.1    0.1
    0.1    0.1    1.0    0.6    0.1    0.2    0.1    1.7    0.1    0.1    2.4    8.3    0.8   78.9    3.0    0.1    0.1    0.1    0.1    0.1    3.5
    1.7    0.3    0.1    0.5    0.1    0.1    0.1    0.1    0.1    0.8    0.7    2.7    0.3    1.1   81.2    0.1    1.2    0.1    1.3    6.7    2.1
    1.5    1.7    0.3    0.9    0.1    0.1    0.5    0.1    0.6    0.1    0.6    1.4    0.1    0.1    0.1   90.7    1.8    0.3    0.1    0.1    0.1
    1.4   14.2    1.8    1.7    4.3    1.1    1.5    1.0    0.1    0.9    0.9    0.8    1.7    0.1    0.1    0.1   67.3    0.8    0.1    1.0    0.1
    1.6    1.1    0.1    2.6    0.4    1.3    0.1    0.1    1.1    0.1    0.9    0.1    0.7    1.5    0.3    2.6   11.7   72.3    0.1    0.1    2.3
    2.1    0.1    0.1    0.1    0.1    0.7    0.1    0.1    0.6    0.1    0.9    0.3    0.1    1.3    1.8    0.1    1.2    0.7   88.7    1.5    0.7
    2.0    0.5    0.1    1.6    0.1    0.4    0.8    0.7    0.1    4.9    0.3    1.3    0.4    0.1    6.5    0.1    0.1    1.1    0.1   79.7    0.1
    4.0    5.1    0.1    1.1    0.5    0.1    1.1    0.1    0.1    0.1    7.0    6.2    0.1    0.1    1.7    1.4    0.8    3.2    0.3    0.8   67.2
//
H KOSJ950108
D Context-dependent optimal substitution matrices for buried coil
  (Koshi-Goldstein, 1995)
R PMID:8577693
A Koshi, J.M. and Goldstein, R.A.
T Context-dependent optimal substitution matrices.
J Protein Engineering 8, 641-645 (1995)
M rows = -ARNDCQEGHILKMFPSTWYV, cols = -ARNDCQEGHILKMFPSTWYV
   74.9    3.0    0.2    0.6    2.2    1.2    1.5    1.4    1.5    0.4    0.8    2.5    0.7    0.5    1.0    1.6    1.7    0.9    0.1    0.7    2.5
    7.2   68.0    0.6    0.5    0.5    1.0    0.2    0.1    5.5    0.1    0.4    0.5    0.9    0.5    0.4    1.8    5.7    4.4    0.1    0.1    2.1
    4.0    0.1   77.6    0.7    0.1    0.5    1.7    0.4    0.1    3.1    0.1    3.6    1.3    0.1    1.0    0.1    4.5    2.0    0.1    0.1    0.1
    2.4    0.1    0.1   83.8    3.0    0.4    1.2    0.1    2.5    1.4    0.3    0.1    1.1    0.3    0.1    0.1    2.5    0.5    0.1    0.1    0.9
    7.4    1.7    0.4    4.7   75.7    0.1    0.1    3.0    0.2    0.5    1.0    0.3    0.5    0.1    0.1    0.9    1.9    0.4    0.1    1.8    0.1
    5.3    9.2    0.1    1.2    0.1   64.4    0.7    1.4    1.4    0.1    1.4    1.3    0.1    3.2    2.0    0.1    3.5    0.8    1.2    2.1    1.4
   11.0    2.6    2.6    0.1    3.8    0.1   61.4    2.8    1.9    0.1    0.1    1.9    2.2    0.9    0.7    1.8    3.5    2.4    0.1    0.9    0.1
   13.1    1.4    2.8    0.1    0.8    0.1    3.6   70.2    2.2    1.8    0.1    0.1    2.4    0.1    0.1    1.1    0.1    0.1    0.1    0.9    0.1
    2.4    0.5    0.1    0.5    1.1    0.1    0.4    0.5   91.6    0.1    0.1    0.1    0.1    0.1    0.1    0.6    1.9    0.5    0.1    0.3    0.1
    2.2    0.6    0.2    2.9    1.4    1.2    0.7    0.1    0.1   84.6    0.7    1.1    0.1    0.1    1.6    0.1    0.1    0.1    0.1    3.2    0.1
    1.9    0.1    0.4    0.1    0.4    0.1    0.3    0.6    0.7    0.1   71.1    7.6    0.1    1.4    1.5    0.1    0.7    0.8    0.3    0.1   12.5
    4.1    0.8    0.2    0.1    0.1    0.3    1.2    0.2    0.1    0.5    4.0   78.4    0.6    2.9    2.8    0.7    0.2    0.6    0.1    0.8    2.4
    6.3    0.8    7.1    1.5    0.1    0.1    0.1    0.2    5.1    2.1    1.4    0.1   71.1    0.1    0.1    0.8    1.1    0.1    0.1    0.1    3.0
    4.2    0.4    0.1    0.1    0.8    0.1    0.1    0.1    0.1    0.6    6.8    9.9    0.1   69.7    0.1    0.1    1.4    0.1    0.1    0.1    6.5
    2.8    0.1    0.1    0.1    0.1    0.1    0.5    0.1    0.5    0.5    1.1    4.1    0.1    0.7   78.6    1.1    1.1    0.7    0.7    5.7    2.0
    2.9    3.7    0.5    1.1    0.1    0.1    1.1    0.9    0.3    0.2    1.7    0.7    0.1    0.8    0.1   83.5    1.9    0.4    0.1    0.1    0.7
    4.1    4.0    0.4    2.6    1.9    1.4    0.2    1.5    1.8    0.8    0.4    0.4    0.7    0.1    0.2    2.8   70.2    5.4    0.1    1.2    0.5
    2.2    1.4    0.4    2.6    0.8    0.8    1.3    0.8    1.3    0.7    0.9    0.1    0.9    0.7    0.1    0.7    5.3   76.9    0.1    0.5    2.3
    0.1    0.1    0.9    0.1    0.1    0.1    0.1    0.1    0.1    0.1    2.2    1.7    0.9    0.1    6.9    0.1    0.1    0.1   82.1    4.2    1.5
    2.7    0.1    0.6    0.6    0.1    0.1    0.1    0.1    0.5    1.7    0.7    1.0    0.5    0.3    8.8    0.1    0.1    0.1    0.1   82.2    0.6
    4.4    4.3    0.2    1.1    0.2    1.2    0.1    0.6    0.5    0.1    6.0    3.8    0.7    0.1    1.3    0.7    2.1    3.2    0.2    0.5   69.4
